# Created by making this call:
# (take 100 (repeatedly (fn [] (rand-int 200000))))
22463
176790
143238
133306
29438
168550
12742
76954
50677
46045
156708
84230
6994
123473
102367
164108
182299
52213
4788
172788
77029
67297
29547
57670
132236
99624
143704
68148
32905
172530
109747
35522
22759
182768
128872
158916
92647
3638
38011
124867
40781
41987
29268
35371 45436 130939 130922 122457 139392 146717 165925 186939 30252 573 186834 114830 71925 75809 75345 96950 59931 155065 90161 105594 96827 14472 48607 166703 53927 149019 135500 6778 141634 137350 46953 150873 193066 154476 97375 101301 64319 97285 44633 36285 59557 100453 121376 133565 100292 89282 99785 146095 75555 41219 162481 35226 33342 9214 104143 101402)
